background: 4.489573038057956
OI: 2.4042095325776054
3dvar: 1.9356575891732724
